# BLT-SAND network RMSE playback (paper Fig.5a BLT-SAND curve)
# source: BLT_simul/result/synchronization_accuracy_time_series.csv col bc
# transform: bc_seconds * UNIT_SCALE(9.55e11), EMA span=1250 + centered win=550
# window: ticks 42000..54000 (steady state, 2 cluster cycles of 6 s)
# sample_interval_sec: 0.050
# unit: ns
8.3669
8.1800
7.9716
7.7576
7.5270
7.2802
7.0297
6.8288
6.6639
6.5288
6.4230
6.3523
6.2960
6.2496
6.2149
6.2037
6.1968
6.1902
6.1868
6.2017
6.2160
6.2263
6.2359
6.2612
6.2840
6.3007
6.3151
6.3441
6.3698
6.3887
6.4045
6.4344
6.4608
6.4803
6.4964
6.5264
6.5529
6.5725
6.5887
6.6188
6.6453
6.6651
6.6815
6.7117
6.7386
6.7587
6.7756
6.8061
6.8335
6.8542
6.8717
6.9028
6.9308
6.9524
6.9708
7.0025
7.0314
7.0538
7.0732
7.1058
7.1355
7.1590
7.1795
7.2130
7.2437
7.2682
7.2898
7.3243
7.3559
7.3816
7.4043
7.4397
7.4724
7.4992
7.5230
7.5593
7.5930
7.6209
7.6458
7.6831
7.7178
7.7467
7.7727
7.8108
7.8465
7.8764
7.9034
7.9425
7.9790
8.0099
8.0380
8.0779
8.1153
8.1472
8.1762
8.2169
8.2551
8.2879
8.3179
8.3593
8.3983
8.4320
8.4629
8.5050
8.5448
8.5793
8.6110
8.6538
8.6943
8.7296
8.7622
8.8056
8.8468
8.8829
8.9162
8.9524
8.9370
8.8667
8.7498
8.6054
8.4294
8.2245
7.9969
7.7627
7.5110
7.2425
6.9704
6.7509
6.5700
6.4216
6.3050
6.2252
6.1610
6.1078
6.0674
6.0516
6.0404
6.0300
6.0233
6.0354
6.0472
6.0549
6.0622
6.0857
6.1067
6.1215
6.1340
6.1616
6.1858
6.2031
6.2173
6.2460
6.2711
6.2890
6.3036
6.3326
6.3579
6.3761
6.3909
6.4199
6.4454
6.4638
6.4790
6.5082
6.5341
6.5530
6.5687
6.5984
6.6248
6.6444
6.6609
6.6912
6.7184
6.7390
6.7564
6.7875
6.8156
6.8372
6.8557
6.8878
6.9169
6.9396
6.9593
6.9924
7.0226
7.0465
7.0673
7.1015
7.1327
7.1578
7.1799
7.2151
7.2475
7.2738
7.2971
7.3333
7.3667
7.3941
7.4186
7.4558
7.4903
7.5189
7.5445
7.5827
7.6181
7.6478
7.6745
7.7136
7.7500
7.7807
7.8085
7.8484
7.8858
7.9175
7.9462
7.9870
8.0253
8.0579
8.0876
8.1291
8.1682
8.2017
8.2324
8.2747
8.3145
8.3489
8.3804
8.4234
8.4640
8.4992
8.5315
8.5752
8.6165
8.6524
8.6856
8.7222
8.7088
8.6418
8.5294
8.3910
